0.458160
0.458160
0.458481
0.459198
0.460281
0.461670
0.463211
0.464722
0.466080
0.467178
0.468033
0.468704
0.469330
0.470062
0.471085
0.472504
0.474396
0.476807
0.479691
0.482956
0.486450
0.489929
0.493011
0.495361
0.496628
0.496613
0.495285
0.492783
0.489380
0.485443
0.481354
0.477402
0.473785
0.470520
0.467651
0.465073
0.462692
0.460358
0.457901
0.455124
0.451889
0.448044
0.443542
0.438370
0.432617
0.426468
0.420151
0.414078
0.416733
0.450943
0.519821
0.624313
0.750244
0.866745
0.935394
0.927658
0.840164
0.697235
0.538651
0.400925
0.304245
0.252777
0.251099
0.258850
0.277878
0.304626
0.333603
0.359756
0.380707
0.397522
0.411636
0.423782
0.434311
0.443329
0.450912
0.457153
0.462173
0.466156
0.469299
0.471786
0.473785
0.475449
0.476944
0.478394
0.479980
0.481857
0.484192
0.487137
0.490814
0.495270
0.500443
0.506241
0.512482
0.519012
0.525650
0.532257
0.538727
0.544968
0.550919
0.556427
0.561325
0.565384
0.568329
0.569962
0.570114
0.568832
0.566269
0.562729
0.558609
0.554306
0.550125
0.546265
0.542770
0.539612
0.536697
0.533890
0.531036
0.527985
0.524612
0.520767
0.516373
0.511383
0.505798
0.499664
0.493073
0.486176
0.479187
0.472351
0.465881
0.460052
0.455048
0.451065
0.448151
0.446335
0.445496
0.445435
0.445801
0.446243
0.446426
0.446136
0.445328
0.444092
0.442657
0.441315
0.440384
0.440063
0.440460
0.441498
0.443100
0.444992
0.446915
0.448608
0.449875
0.450592
0.450775
0.450546
0.450058
0.449524
0.449097
0.448929
0.449081
0.449585
0.450394
0.451416
0.452545
0.453674
0.454712
0.455627
0.456421
0.457123
0.457840
0.458618
0.459534
0.460617
0.461823
0.463135
0.464493
0.465881
0.467316
0.468872
0.470703
0.472977
0.475891
0.479614
0.484253
0.489929
0.496628
0.503983
0.511078
0.516754
0.520004
0.520279
0.517532
0.512360
0.505661
0.498428
0.491348
0.484711
0.478470
0.472580
0.466995
0.461746
0.456924
0.452606
0.448883
0.445816
0.443314
0.441132
0.438950
0.436447
0.433350
0.429489
0.424881
0.419678
0.414078
0.408157
0.425674
0.478729
0.572083
0.697083
0.828400
0.930084
0.967789
0.922623
0.800751
0.632874
0.462570
0.328690
0.250931
0.238632
0.245026
0.265503
0.292847
0.322815
0.353455
0.380859
0.402206
0.418137
0.430008
0.439026
0.445953
0.451141
0.454926
0.457733
0.460007
0.462189
0.464645
0.467651
0.471329
0.475693
0.480621
0.485886
0.491257
0.496475
0.501343
0.505737
0.509659
0.513229
0.516678
0.520264
0.524292
0.529053
0.534729
0.541367
0.548920
0.557205
0.565933
0.574661
0.582779
0.589676
0.594849
0.597946
0.598877
0.597794
0.595016
0.591049
0.586441
0.581726
0.577271
0.573273
0.569839
0.566940
0.564438
0.562149
0.559799
0.557144
0.553970
0.550156
0.545639
0.540451
0.534714
0.528580
0.522217
0.515854
0.509674
0.503845
0.498535
0.493835
0.489822
0.486496
0.483795
0.481613
0.479828
0.478271
0.476822
0.475388
0.473923
0.472443
0.471024
0.469788
0.468887
0.468491
0.468750
0.469803
0.471634
0.474243
0.477478
0.481125
0.484909
0.488449
0.491302
0.493149
0.493759
0.493118
0.491425
0.489120
0.486694
0.484711
0.483566
0.483383
0.484039
0.485413
0.487289
0.489410
0.491531
0.493439
0.495071
0.496429
0.497665
0.498978
0.500595
0.502731
0.505539
0.509018
0.513046
0.517441
0.521896
0.526123
0.529800
0.532639
0.534424
0.535004
0.534302
0.532288
0.529022
0.524612
0.519257
0.513168
0.506653
0.499969
0.493408
0.487183
0.481445
0.476227
0.471481
0.467087
0.462860
0.458618
0.454193
0.449463
0.444351
0.438812
0.432922
0.426743
0.420410
0.414078
0.410583
0.436890
0.502808
0.613022
0.754974
0.895691
0.990097
0.999985
0.913849
0.754486
0.568787
0.405518
0.295090
0.242798
0.252670
0.268509
0.291397
0.318283
0.344971
0.368134
0.387604
0.404205
0.418488
0.430496
0.439941
0.446732
0.451019
0.453247
0.454056
0.454178
0.454346
0.455109
0.456696
0.459091
0.462173
0.465759
0.469620
0.473557
0.477386
0.481033
0.484497
0.487915
0.491455
0.495316
0.499695
0.504669
0.510254
0.516281
0.522583
0.528885
0.534958
0.540619
0.545761
0.550308
0.554199
0.557358
0.559677
0.561035
0.561279
0.560318
0.558151
0.554871
0.550674
0.545822
0.540573
0.535141
0.529663
0.524139
0.518570
0.512863
0.506973
0.500793
0.494293
0.487488
0.480438
0.473282
0.466232
0.459549
0.453568
0.448563
0.444733
0.442169
0.440796
0.440414
0.440765
0.441559
0.442566
0.443665
0.444855
0.446228
0.447937
0.450104
0.452789
0.455963
0.459488
0.463028
0.466171
0.468430
0.469391
0.468719
0.466293
0.462143
0.456558
0.449951
0.442871
0.435928
0.429611
0.424255
0.420044
0.417038
0.415192
0.414307
0.414047
0.414078
0.414078
0.413742
0.412872
0.411285
0.408875
0.405533
0.401169
0.395798
0.389420
0.381912
0.368851
0.375656
0.432007
0.541321
0.682297
0.813446
0.889206
0.879791
0.784042
0.628265
0.453522
0.299179
0.191696
0.145554
0.151505
0.187881
0.241898
0.296021
0.337448
0.359985
0.373611
0.384171
0.393204
0.401062
0.407822
0.413605
0.418594
0.423004
0.427109
0.431107
0.435211
0.439514
0.444122
0.449020
0.454239
0.459793
0.465698
0.472046
0.478943
0.486435
0.494583
0.503342
0.512573
0.522079
0.531586
0.540771
0.549377
0.557175
0.563995
0.569702
0.574265
0.577682
0.579971
0.581177
0.581284
0.580338
0.578278
0.575073
0.570709
0.565201
0.558609
0.551056
0.542755
0.533981
0.524979
0.516022
0.507263
0.498840
0.490768
0.483017
0.475479
0.468109
0.460800
0.453522
0.446304
0.439178
0.432281
0.425705
0.419571
0.414078
0.409058
0.420914
0.457504
0.526184
0.626236
0.736160
0.816895
0.828278
0.750732
0.598373
0.415268
0.255875
0.160629
0.149292
0.181671
0.238861
0.294891
0.334915
0.354935
0.366776
0.376129
0.384125
0.390900
0.396317
0.400238
0.402664
0.403641
0.403320
0.401871
0.399506
0.396454
0.392899
0.389084
0.385208
0.381500
0.378204
0.375534
0.373611
0.372528
0.372253
0.372696
0.373749
0.375305
0.377289
0.379715
0.382584
0.385956
0.389816
0.394104
0.398666
0.403290
0.407639
0.411331
0.414063
0.415634
0.416016
0.415390
0.414078
0.412827
0.411880
0.411713
0.412628
0.414825
0.418915
0.426880
0.445114
0.481842
0.531052
0.580597
0.614090
0.615677
0.575363
0.493042
0.379929
0.247803
0.126190
0.038483
0.000000
0.013351
0.067261
0.140396
0.209305
0.256271
0.272430
0.275696
0.277054
0.277878
0.278534
0.279251
0.280273
0.281784
0.283966
0.286896
0.290604
0.295029
0.300079
0.305618
0.311432
0.317398
0.323349
0.329178
0.334854
0.340439
0.346008
0.351776
0.357941
0.364731
0.372299
0.380707
0.389832
0.399460
0.409195
0.418564
0.427063
0.434311
0.440002
0.444046
0.446472
0.447357
0.446854
0.445084
0.442184
0.438278
0.433456
0.427841
0.421585
0.414856
0.407867
0.400772
0.393677
0.386658
0.379776
0.373062
0.366577
0.360397
0.354614
0.349319
0.344635
0.340591
0.337234
0.334534
0.332458
0.330963
0.329987
0.329498
0.329483
0.329910
0.330826
0.332245
0.334183
0.336624
0.339539
0.342850
0.346436
0.350143
0.353806
0.357285
0.360489
0.363403
0.366104
0.368729
0.371460
0.374466
0.377884
0.381790
0.386154
0.390854
0.395737
0.400558
0.405045
0.408936
0.412033
0.414215
0.415421
0.415665
0.415039
0.413696
0.411743
0.409378
0.406723
0.403931
0.401154
0.398499
0.396133
0.394150
0.392685
0.391785
0.391434
0.391632
0.392273
0.393173
0.394180
0.395157
0.396027
0.396820
0.397629
0.398560
0.399796
0.401398
0.403381
0.405655
0.408081
0.410446
0.412521
0.414078
0.415070
0.415283
0.414703
0.413467
0.411743
0.409805
0.407898
0.406387
0.407959
0.442062
0.508545
0.609039
0.733414
0.857086
0.946823
0.973373
0.924896
0.813065
0.667694
0.523346
0.406250
0.328491
0.302856
0.311966
0.324448
0.339508
0.355637
0.371094
0.384552
0.396088
0.406265
0.415451
0.423767
0.431259
0.437958
0.443863
0.448975
0.453323
0.456970
0.460007
0.462524
0.464691
0.466599
0.468369
0.470108
0.471924
0.473907
0.476151
0.478806
0.482010
0.485916
0.490662
0.496323
0.502914
0.510361
0.518555
0.527328
0.536545
0.546112
0.555954
0.566086
0.576553
0.587418
0.598724
0.610458
0.622528
0.634735
0.646774
0.658295
0.668808
0.677841
0.685028
0.690094
0.692886
0.693390
0.691681
0.687912
0.682220
0.674728
0.665543
0.654846
0.642776
0.629517
0.615265
0.600311
0.585007
0.569702
0.554794
0.540619
0.527451
0.515488
0.504868
0.495636
0.487762
0.481186
0.475739
0.471191
0.467255
0.463608
0.459915
0.455856
0.451248
0.445984
0.440079
0.433701
0.427017
0.420303
0.414078
0.415817
0.445160
0.508453
0.608871
0.730545
0.837296
0.885818
0.847748
0.726837
0.559021
0.394943
0.275986
0.218765
0.226639
0.244888
0.272171
0.303528
0.336807
0.370697
0.400253
0.424088
0.442764
0.456375
0.464615
0.467926
0.467346
0.464264
0.460129
0.456207
0.453186
0.451309
0.450653
0.451263
0.453064
0.455933
0.459641
0.463959
0.468628
0.473465
0.478287
0.483032
0.487656
0.492157
0.496536
0.500793
0.504883
0.508759
0.512329
0.515579
0.518478
0.521042
0.523315
0.525345
0.527115
0.528580
0.529663
0.530243
0.530228
0.529541
0.528244
0.526443
0.524307
0.522018
0.519714
0.517426
0.515106
0.512619
0.509720
0.506180
0.501831
0.496536
0.490280
0.483215
0.475525
0.467499
0.459427
0.451584
0.444199
0.437378
0.431229
0.425781
0.421021
0.416962
0.413605
0.410919
0.408905
0.407562
0.406815
0.406616
0.406860
0.407455
0.408295
0.409256
0.410278
0.411301
0.412247
0.413101
0.413803
0.414261
0.414413
0.414078
0.413284
0.411697
0.409210
0.405731
0.401291
0.395996