0.336380
0.336609
0.336838
0.337082
0.337311
0.337540
0.337784
0.338028
0.338257
0.338501
0.338730
0.338959
0.339172
0.339371
0.339569
0.339752
0.339920
0.340073
0.340210
0.340332
0.340424
0.340515
0.340576
0.340622
0.340652
0.340652
0.340652
0.340622
0.340561
0.340500
0.340408
0.340302
0.340179
0.340042
0.339890
0.339722
0.339539
0.339355
0.339142
0.338943
0.338730
0.338516
0.338303
0.338089
0.337875
0.337677
0.337479
0.337296
0.337112
0.336960
0.336807
0.336685
0.336578
0.336502
0.336456
0.336426
0.336426
0.336441
0.336502
0.336594
0.336700
0.336853
0.337021
0.337234
0.337463
0.337738
0.338028
0.338333
0.338669
0.339035
0.339417
0.339798
0.340210
0.340622
0.341049
0.341476
0.341904
0.342331
0.342743
0.343155
0.343552
0.343918
0.344269
0.344604
0.344910
0.345169
0.345413
0.345612
0.345764
0.345886
0.345963
0.346008
0.345993
0.345932
0.345825
0.345673
0.345474
0.345215
0.344925
0.344589
0.344208
0.343796
0.343338
0.342850
0.342331
0.341766
0.341187
0.340591
0.339966
0.339325
0.338669
0.338013
0.337357
0.336685
0.336029
0.335388
0.334747
0.334122
0.333511
0.332932
0.332367
0.331833
0.331314
0.330841
0.330399
0.329987
0.329605
0.329269
0.328964
0.328705
0.328476
0.328278
0.328110
0.327988
0.327896
0.327835
0.327805
0.327789
0.327820
0.327850
0.327911
0.327988
0.328094
0.328186
0.328308
0.328430
0.328568
0.328690
0.328827
0.328949
0.329071
0.329193
0.329300
0.329407
0.329498
0.329590
0.329666
0.329727
0.329773
0.329819
0.329865
0.329895
0.329910
0.329941
0.329956
0.329971
0.330002
0.330017
0.330063
0.330109
0.330185
0.330261
0.330368
0.330505
0.330673
0.330872
0.331100
0.331375
0.331696
0.332047
0.332474
0.332932
0.333450
0.334030
0.334656
0.335358
0.336121
0.336929
0.337814
0.338745
0.339752
0.340820
0.341934
0.343124
0.344360
0.345642
0.346970
0.348358
0.349777
0.351242
0.352737
0.354263
0.355804
0.357376
0.358963
0.360550
0.362137
0.363724
0.365295
0.366867
0.368408
0.369919
0.371399
0.372833
0.374237
0.375580
0.376877
0.378113
0.379288
0.380402
0.381439
0.382401
0.383286
0.384094
0.384827
0.385468
0.386017
0.386505
0.386887
0.387192
0.387421
0.387558
0.387619
0.387589
0.387482
0.387299
0.387054
0.386719
0.386322
0.385864
0.385345
0.384750
0.384109
0.383423
0.382690
0.381897
0.381058
0.380188
0.379288
0.378342
0.377380
0.376389
0.375351
0.374313
0.373245
0.372162
0.371063
0.369949
0.368805
0.367661
0.366501
0.365341
0.364166
0.362976
0.361771
0.360550
0.359344
0.358109
0.356873
0.355621
0.354370
0.353104
0.351822
0.350540
0.349258
0.347961
0.346664
0.345352
0.344040
0.342728
0.341415
0.340118
0.338806
0.337509
0.336212
0.334946
0.333679
0.332443
0.331223
0.330017
0.328857
0.327713
0.326614
0.325562
0.324539
0.323578
0.322647
0.321777
0.320969
0.320206
0.319504
0.318878
0.318298
0.317795
0.317352
0.316956
0.316635
0.316391
0.316193
0.316055
0.315979
0.315948
0.315964
0.316025
0.316147
0.316284
0.316452
0.316635
0.316849
0.317062
0.317291
0.317505
0.317719
0.317902
0.318054
0.318176
0.318268
0.318314
0.318314
0.318237
0.318100
0.317886
0.317612
0.317261
0.316833
0.316315
0.315689
0.314987
0.314209
0.313354
0.312393
0.311340
0.310211
0.308990
0.307663
0.306198
0.304688
0.303162
0.301636
0.300095
0.298569
0.297104
0.295578
0.293961
0.292206
0.290298
0.288239
0.285873
0.283417
0.281067
0.279022
0.277435
0.276489
0.276443
0.277420
0.279449
0.282654
0.287079
0.292786
0.299759
0.307861
0.317505
0.328796
0.341797
0.356567
0.373077
0.391449
0.411346
0.432571
0.454880
0.478043
0.501785
0.525726
0.549820
0.574020
0.598267
0.622528
0.646790
0.671021
0.695251
0.719513
0.743835
0.768173
0.792450
0.816574
0.840500
0.863770
0.886063
0.907074
0.926468
0.943970
0.959076
0.971878
0.982285
0.990280
0.995850
0.999039
0.999985
0.998672
0.995087
0.989258
0.981186
0.970886
0.958481
0.943909
0.927002
0.907684
0.885941
0.861847
0.835358
0.806458
0.775879
0.744034
0.711319
0.678146
0.644852
0.612381
0.580109
0.548019
0.516037
0.484070
0.452042
0.419403
0.386597
0.353989
0.321823
0.290390
0.259964
0.230988
0.203674
0.178009
0.154068
0.131927
0.111572
0.092972
0.076035
0.060822
0.047348
0.035553
0.025467
0.017059
0.010056
0.004822
0.001450
0.000000
0.000458
0.002823
0.007233
0.013321
0.020767
0.029266
0.038513
0.048187
0.057831
0.067245
0.076492
0.085556
0.094391
0.103058
0.111618
0.120224
0.128738
0.137192
0.145569
0.153885
0.162109
0.170181
0.178146
0.185974
0.193634
0.201111
0.208405
0.215485
0.222351
0.228973
0.235352
0.241486
0.247375
0.253052
0.258530
0.263779
0.268768
0.273529
0.278046
0.282349
0.286453
0.290329
0.293991
0.297424
0.300659
0.303696
0.306595
0.309311
0.311859
0.314224
0.316452
0.318542
0.320526
0.322388
0.324142
0.325790
0.327347
0.328827
0.330246
0.331604
0.332916
0.334183
0.335403
0.336578
0.337753
0.338898
0.340042
0.341171
0.342300
0.343414
0.344528
0.345673
0.346802
0.347946
0.349106
0.350250
0.351425
0.352600
0.353790
0.354980
0.356171
0.357376
0.358566
0.359756
0.360962
0.362137
0.363312
0.364471
0.365616
0.366745
0.367859
0.368942
0.369995
0.371017
0.372025
0.372986
0.373917
0.374802
0.375656
0.376465
0.377243
0.377975
0.378677
0.379318
0.379929
0.380508
0.381042
0.381546
0.382004
0.382431
0.382828
0.383194
0.383530
0.383850
0.384155
0.384430
0.384705
0.384949
0.385208
0.385468
0.385727
0.385971
0.386230
0.386505
0.386810
0.387131
0.387482
0.387848
0.388229
0.388672
0.389145
0.389664
0.390228
0.390823
0.391464
0.392166
0.392914
0.393707
0.394577
0.395493
0.396439
0.397446
0.398514
0.399643
0.400833
0.402069
0.403336
0.404663
0.406036
0.407455
0.408936
0.410446
0.411987
0.413559
0.415176
0.416824
0.418503
0.420227
0.421951
0.423691
0.425446
0.427231
0.429031
0.430847
0.432663
0.434464
0.436279
0.438095
0.439926
0.441757
0.443588
0.445389
0.447189
0.448975
0.450775
0.452560
0.454346
0.456100
0.457840
0.459564
0.461304
0.463028
0.464767
0.466461
0.468155
0.469833
0.471512
0.473190
0.474884
0.476563
0.478210
0.479874
0.481537
0.483200
0.484894
0.486588
0.488235
0.489914
0.491592
0.493301
0.495026
0.496750
0.498474
0.500183
0.501923
0.503677
0.505463
0.507263
0.509064
0.510834
0.512634
0.514465
0.516312
0.518173
0.520050
0.521881
0.523743
0.525620
0.527512
0.529419
0.531326
0.533203
0.535080
0.536957
0.538849
0.540756
0.542648
0.544495
0.546341
0.548172
0.549988
0.551819
0.553635
0.555405
0.557114
0.558823
0.560501
0.562180
0.563812
0.565414
0.566940
0.568420
0.569885
0.571304
0.572693
0.574036
0.575272
0.576462
0.577606
0.578690
0.579742
0.580734
0.581619
0.582428
0.583176
0.583878
0.584503
0.585083
0.585541
0.585922
0.586212
0.586456
0.586624
0.586716
0.586716
0.586609
0.586411
0.586151
0.585815
0.585419
0.584930
0.584320
0.583618
0.582855
0.582016
0.581100
0.580124
0.579025
0.577835
0.576569
0.575241
0.573837
0.572372
0.570801
0.569138
0.567413
0.565628
0.563766
0.561859
0.559860
0.557770
0.555618
0.553406
0.551147
0.548828
0.546463
0.543991
0.541473
0.538895
0.536285
0.533630
0.530945
0.528168
0.525330
0.522476
0.519577
0.516663
0.513702
0.510696
0.507645
0.504578
0.501480
0.498383
0.495255
0.492111
0.488937
0.485733
0.482544
0.479355
0.476181
0.472992
0.469788
0.466583
0.463394
0.460220
0.457077
0.453964
0.450836
0.447723
0.444656
0.441620
0.438614
0.435654
0.432724
0.429810
0.426941
0.424133
0.421356
0.418655
0.415985
0.413330
0.410751
0.408218
0.405746
0.403336
0.400970
0.398651
0.396378
0.394165
0.392014
0.389923
0.387878
0.385880
0.383926
0.382019
0.380188
0.378387
0.376648
0.374954
0.373291
0.371674
0.370102
0.368576
0.367096
0.365646
0.364212
0.362839
0.361481
0.360168
0.358887
0.357635
0.356400
0.355194
0.354004
0.352844
0.351715
0.350601
0.349518
0.348434
0.347382
0.346344
0.345322
0.344315
0.343338
0.342361
0.341400
0.340469
0.339539
0.338638
0.337738
0.336868
0.336014
0.335175
0.334351
0.333542
0.332748
0.331985
0.331238
0.330505
0.329788
0.329102
0.328445
0.327805
0.327179
0.326584
0.326019
0.325470
0.324951
0.324463
0.323990
0.323547
0.323135
0.322739
0.322372
0.322037
0.321732
0.321457
0.321198
0.320953
0.320755
0.320572
0.320404
0.320267
0.320160
0.320053
0.319977
0.319916
0.319885
0.319870
0.319855
0.319870
0.319885
0.319916
0.319962
0.320007
0.320068
0.320145
0.320206
0.320297
0.320374
0.320465
0.320557
0.320648
0.320740
0.320831
0.320923
0.321014
0.321106
0.321198
0.321289
0.321381
0.321472
0.321564
0.321671
0.321762
0.321854
0.321960
0.322052
0.322159
0.322281
0.322388
0.322525
0.322647
0.322784
0.322937
0.323105
0.323288
0.323471
0.323669
0.323883
0.324112
0.324356
0.324631
0.324905
0.325211
0.325531
0.325867
0.326233
0.326614
0.327026
0.327438
0.327881
0.328339
0.328827
0.329330
0.329849
0.330399
0.330963
0.331543
0.332138
0.332748
0.333374
0.334015
0.334671
0.335327
0.336014
0.336700
0.337387
0.338089
0.338791
0.339508
0.340210
0.340912
0.341629
0.342331
0.343033
0.343719
0.344406
0.345078
0.345734
0.346375
0.347000
0.347610
0.348206
0.348770
0.349304
0.349823
0.350327
0.350784
0.351227
0.351624
0.351990
0.352325
0.352631
0.352905
0.353149
0.353348
0.353516
0.353653
0.353745
0.353790
0.353821
0.353790
0.353729
0.353622
0.353485
0.353333
0.353149
0.352951
0.352753
0.352554
0.352371
0.352203
0.352051
0.351944