0.531387
0.562653
0.593689
0.624344
0.654495
0.684052
0.712875
0.740875
0.767899
0.793884
0.818710
0.842270
0.864471
0.885254
0.904495
0.922150
0.938141
0.952408
0.964874
0.975525
0.984283
0.991135
0.996048
0.999008
0.999985
0.999008
0.996048
0.991135
0.984283
0.975525
0.964874
0.952408
0.938141
0.922150
0.904495
0.885254
0.864471
0.842270
0.818710
0.793884
0.767899
0.740875
0.712875
0.684052
0.654495
0.624344
0.593689
0.562653
0.531387
0.499985
0.468597
0.437332
0.406296
0.375641
0.345490
0.315933
0.287109
0.259109
0.232086
0.206100
0.181274
0.157715
0.135513
0.114731
0.095490
0.077835
0.061844
0.047577
0.035110
0.024460
0.015701
0.008850
0.003937
0.000977
0.000000
0.000977
0.003937
0.008850
0.015701
0.024460
0.035110
0.047577
0.061844
0.077835
0.095490
0.114731
0.135513
0.157715
0.181274
0.206100
0.232086
0.259109
0.287109
0.315933
0.345490
0.375641
0.406296
0.437332
0.468597
0.499985
0.531387
0.562653
0.593689
0.624344
0.654495
0.684052
0.712875
0.740875
0.767899
0.793884
0.818710
0.842270
0.864471
0.885254
0.904495
0.922150
0.938141
0.952408
0.964874
0.975525
0.984283
0.991135
0.996048
0.999008
0.999985
0.999008
0.996048
0.991135
0.984283
0.975525
0.964874
0.952408
0.938141
0.922150
0.904495
0.885254
0.864471
0.842270
0.818710
0.793884
0.767899
0.740875
0.712875
0.684052
0.654495
0.624344
0.593689
0.562653
0.531387
0.500000
0.468597
0.437332
0.406296
0.375641
0.345490
0.315933
0.287109
0.259109
0.232086
0.206100
0.181274
0.157715
0.135513
0.114731
0.095490
0.077835
0.061844
0.047577
0.035110
0.024460
0.015701
0.008850
0.003937
0.000977
0.000000
0.000977
0.003937
0.008850
0.015701
0.024460
0.035110
0.047577
0.061844
0.077835
0.095490
0.114731
0.135513
0.157715
0.181274
0.206100
0.232086
0.259109
0.287109
0.315933
0.345490
0.375641
0.406296
0.437332
0.468597
0.499985
0.562653
0.624344
0.684052
0.740875
0.793884
0.842270
0.885254
0.922150
0.952408
0.975525
0.991135
0.999008
0.999008
0.991135
0.975525
0.952408
0.922150
0.885254
0.842270
0.793884
0.740875
0.684052
0.624344
0.562653
0.499985
0.437332
0.375641
0.315933
0.259109
0.206100
0.157715
0.114731
0.077835
0.047577
0.024460
0.008850
0.000977
0.000977
0.008850
0.024460
0.047577
0.077835
0.114731
0.157715
0.206100
0.259109
0.315933
0.375641
0.437332
0.500000
0.562653
0.624344
0.684052
0.740875
0.793884
0.842270
0.885254
0.922150
0.952408
0.975525
0.991135
0.999008
0.999008
0.991135
0.975525
0.952408
0.922150
0.885254
0.842270
0.793884
0.740875
0.684052
0.624344
0.562653
0.500000
0.437332
0.375641
0.315933
0.259109
0.206100
0.157715
0.114731
0.077835
0.047577
0.024460
0.008850
0.000977
0.000977
0.008850
0.024460
0.047577
0.077835
0.114731
0.157715
0.206100
0.259109
0.315933
0.375641
0.437332
0.499985
0.562653
0.624344
0.684052
0.740875
0.793884
0.842270
0.885254
0.922150
0.952408
0.975525
0.991135
0.999008
0.999008
0.991135
0.975525
0.952408
0.922150
0.885254
0.842270
0.793884
0.740875
0.684052
0.624344
0.562653
0.500000
0.437332
0.375641
0.315933
0.259109
0.206100
0.157715
0.114731
0.077835
0.047577
0.024460
0.008850
0.000977
0.000977
0.008850
0.024460
0.047577
0.077835
0.114731
0.157715
0.206100
0.259109
0.315933
0.375641
0.437332
0.499985
0.562653
0.624344
0.684052
0.740875
0.793884
0.842270
0.885254
0.922150
0.952408
0.975525
0.991135
0.999008
0.999008
0.991135
0.975525
0.952408
0.922150
0.885254
0.842270
0.793884
0.740875
0.684052
0.624344
0.562653
0.500000
0.437332
0.375641
0.315933
0.259109
0.206100
0.157715
0.114731
0.077835
0.047577
0.024460
0.008850
0.000977
0.000977
0.008850
0.024460
0.047577
0.077835
0.114731
0.157715
0.206100
0.259109
0.315933
0.375641
0.437332
0.499985
0.593689
0.684052
0.767899
0.842270
0.904495
0.952408
0.984283
0.999008
0.996048
0.975525
0.938141
0.885254
0.818710
0.740875
0.654495
0.562653
0.468597
0.375641
0.287109
0.206100
0.135513
0.077835
0.035110
0.008850
0.000000
0.008850
0.035110
0.077835
0.135513
0.206100
0.287109
0.375641
0.468597
0.562653
0.654495
0.740875
0.818710
0.885254
0.938141
0.975525
0.996048
0.999008
0.984283
0.952408
0.904495
0.842270
0.767899
0.684052
0.593689
0.500000
0.406296
0.315933
0.232086
0.157715
0.095490
0.047577
0.015701
0.000977
0.003937
0.024460
0.061844
0.114731
0.181274
0.259109
0.345490
0.437332
0.531387
0.624344
0.712875
0.793884
0.864471
0.922150
0.964874
0.991135
0.999985
0.991135
0.964874
0.922150
0.864471
0.793884
0.712875
0.624344
0.531387
0.437332
0.345490
0.259109
0.181274
0.114731
0.061844
0.024460
0.003937
0.000977
0.015701
0.047577
0.095490
0.157715
0.232086
0.315933
0.406296
0.499985
0.593689
0.684052
0.767899
0.842270
0.904495
0.952408
0.984283
0.999008
0.996048
0.975525
0.938141
0.885254
0.818710
0.740875
0.654495
0.562653
0.468597
0.375641
0.287109
0.206100
0.135513
0.077835
0.035110
0.008850
0.000000
0.008850
0.035110
0.077835
0.135513
0.206100
0.287109
0.375641
0.468597
0.562653
0.654495
0.740875
0.818710
0.885254
0.938141
0.975525
0.996048
0.999008
0.984283
0.952408
0.904495
0.842270
0.767899
0.684052
0.593689
0.500000
0.406296
0.315933
0.232086
0.157715
0.095490
0.047577
0.015701
0.000977
0.003937
0.024460
0.061844
0.114731
0.181274
0.259109
0.345490
0.437332
0.531387
0.624344
0.712875
0.793884
0.864471
0.922150
0.964874
0.991135
0.999985
0.991135
0.964874
0.922150
0.864471
0.793884
0.712875
0.624344
0.531387
0.437332
0.345490
0.259109
0.181274
0.114731
0.061844
0.024460
0.003937
0.000977
0.015701
0.047577
0.095490
0.157715
0.232086
0.315933
0.406296
0.499985
0.624344
0.740875
0.842270
0.922150
0.975525
0.999008
0.991135
0.952408
0.885254
0.793884
0.684052
0.562653
0.437332
0.315933
0.206100
0.114731
0.047577
0.008850
0.000977
0.024460
0.077835
0.157715
0.259109
0.375641
0.500000
0.624344
0.740875
0.842270
0.922150
0.975525
0.999008
0.991135
0.952408
0.885254
0.793884
0.684052
0.562653
0.437332
0.315933
0.206100
0.114731
0.047577
0.008850
0.000977
0.024460
0.077835
0.157715
0.259109
0.375641
0.500000
0.624344
0.740875
0.842270
0.922150
0.975525
0.999008
0.991135
0.952408
0.885254
0.793884
0.684052
0.562653
0.437332
0.315933
0.206100
0.114731
0.047577
0.008850
0.000977
0.024460
0.077835
0.157715
0.259109
0.375641
0.499985
0.624344
0.740875
0.842270
0.922150
0.975525
0.999008
0.991135
0.952408
0.885254
0.793884
0.684052
0.562653
0.437332
0.315933
0.206100
0.114731
0.047577
0.008850
0.000977
0.024460
0.077835
0.157715
0.259109
0.375641
0.499985
0.624344
0.740875
0.842270
0.922150
0.975525
0.999008
0.991135
0.952408
0.885254
0.793884
0.684052
0.562653
0.437332
0.315933
0.206100
0.114731
0.047577
0.008850
0.000977
0.024460
0.077835
0.157715
0.259109
0.375641
0.499985
0.624344
0.740875
0.842270
0.922150
0.975525
0.999008
0.991135
0.952408
0.885254
0.793884
0.684052
0.562653
0.437332
0.315933
0.206100
0.114731
0.047577
0.008850
0.000977
0.024460
0.077835
0.157715
0.259109
0.375641
0.499985
0.624344
0.740875
0.842270
0.922150
0.975525
0.999008
0.991135
0.952408
0.885254
0.793884
0.684052
0.562653
0.437332
0.315933
0.206100
0.114731
0.047577
0.008850
0.000977
0.024460
0.077835
0.157715
0.259109
0.375641
0.499985
0.624344
0.740875
0.842270
0.922150
0.975525
0.999008
0.991135
0.952408
0.885254
0.793884
0.684052
0.562653
0.437332
0.315933
0.206100
0.114731
0.047577
0.008850
0.000977
0.024460
0.077835
0.157715
0.259109
0.375641
0.499985
0.654495
0.793884
0.904495
0.975525
0.999985
0.975525
0.904495
0.793884
0.654495
0.500000
0.345490
0.206100
0.095490
0.024460
0.000000
0.024460
0.095490
0.206100
0.345490
0.499985
0.654495
0.793884
0.904495
0.975525
0.999985
0.975525
0.904495
0.793884
0.654495
0.500000
0.345490
0.206100
0.095490
0.024460
0.000000
0.024460
0.095490
0.206100
0.345490
0.499985
0.654495
0.793884
0.904495
0.975525
0.999985
0.975525
0.904495
0.793884
0.654495
0.500000
0.345490
0.206100
0.095490
0.024460
0.000000
0.024460
0.095490
0.206100
0.345490
0.499985
0.654495
0.793884
0.904495
0.975525
0.999985
0.975525
0.904495
0.793884
0.654495
0.499985
0.345490
0.206100
0.095490
0.024460
0.000000
0.024460
0.095490
0.206100
0.345490
0.499985
0.654495
0.793884
0.904495
0.975525
0.999985
0.975525
0.904495
0.793884
0.654495
0.499985
0.345490
0.206100
0.095490
0.024460
0.000000
0.024460
0.095490
0.206100
0.345490
0.499985
0.654495
0.793884
0.904495
0.975525
0.999985
0.975525
0.904495
0.793884
0.654495
0.500000
0.345490
0.206100
0.095490
0.024460
0.000000
0.024460
0.095490
0.206100
0.345490
0.499985
0.654495
0.793884
0.904495
0.975525
0.999985
0.975525
0.904495
0.793884
0.654495
0.499985
0.345490
0.206100
0.095490
0.024460
0.000000
0.024460
0.095490
0.206100
0.345490
0.499985
0.654495
0.793884
0.904495
0.975525
0.999985
0.975525
0.904495
0.793884
0.654495
0.500000
0.345490
0.206100
0.095490
0.024460
0.000000
0.024460
0.095490
0.206100
0.345490
0.499985
0.654495
0.793884
0.904495
0.975525
0.999985
0.975525
0.904495
0.793884
0.654495
0.499985
0.345490
0.206100
0.095490
0.024460
0.000000
0.024460
0.095490
0.206100
0.345490
0.499985
0.654495
0.793884
0.904495
0.975525
0.999985
0.975525
0.904495
0.793884
0.654495
0.500000
0.345490
0.206100
0.095490
0.024460
0.000000
0.024460
0.095490
0.206100
0.345490
0.499985