1.2481828971104423
0.06855301651234574
0.3244742128708752
0.11900201433945135
-0.5800171437755153
0.0860758798084541
0.6846798546237729
1.0654399722824333
0.4426716659189347
0.12751337367640014
0.005779898317088861
0.5906193456928059
0.16722832970084506
0.22458455214456619
0.41351781139489785
0.0004185733065671382
1.1837030869346807
0.44819852850154257
-0.055080161352174306
-1.2522199037805717
0.4281769540889686
0.608013568521953
0.7249610943184993
1.037367124734682
0.3756263991540126
0.983175239085763
0.5598850738001263
0.3822829947390426
0.7576478604039467
0.006077649309189642
0.7790305517808775
0.615051348830765
0.012239440077186928
0.6301834278777022
1.1872564813824433
0.49246173197539767
1.0793656309257935
1.603913379910105
0.23748767259221715
0.21688377416074514
1.5015806749036724
-0.12453901229490424
-0.5330982179069201
0.5711103283698464
0.9949358925679428
0.7462620660408238
0.30403571690869696
1.013976594239965
1.4175343777256324
0.22651465605542148
0.644564239732504
0.048967334802680534
1.0274641104629698
0.5618947945317503
1.5160516814065774
1.2511493828256428
-0.07250133861691263
0.3549756240905304
0.45801289986387184
0.035411821175299896
0.2376238676498843
0.9668209620548409
0.8411190462196235
1.2844813432879867
1.170046994731274
0.5435504691782883
0.6976322644363678
1.0913327066569265
2.3345827653714526
0.4877526424786256
0.9379838444413844
1.3860990929739236
0.03808222193214972
0.607564509242261
1.4695868006779667
1.7105141973451965
0.6812597925600359
1.090468944668706
1.3092740736903603
1.3071291847166335
2.2830839051526857
0.8987441488072145
1.2404787444997551
1.0134831643752173
1.523628200051954
0.6017090681956975
1.5326269534525958
1.9145237335179845
0.731767456554837
1.995641592238464
1.6338816466910981
1.1604150111700329
2.193033801004592
0.8680984917817518
0.8935767162778746
1.5706062909681962
1.331032918772869
0.3993828269649127
1.4000730468533975
1.368084492816881
1.551128143200859
1.7026356358197476
2.100693422471836
2.116161394275494
1.8908961089467993
1.2350460201263085
1.2475294962611208
1.6352579736542485
2.084151555204893
1.3493442989040685
1.3573249904855365
1.4008783229312982
0.22029910462684754
1.2519356350464437
1.6624307669790146
2.101381331921705
0.7960452099280307
0.7177656649787105
0.363729939791564
1.447526482764358
1.5110951145584282
1.5025429756180908
2.2592647672209494
2.0494537929069807
2.3354909809483835
2.2473772617610086
0.5373609595566619
1.7390592140640617
1.6436219449566332
1.0521124063122946
2.089760578620921
2.1212388232731394
1.08936013617047
1.6325886276193873
1.9774072656841384
0.5962404522883918
2.1714086778670394
1.5612829907733579
1.1756089100824494
2.0566791062965843
1.0551526152609383
2.538822381849976
1.7380595043572555
1.5058916177278452
1.9888082050408802
1.521565060984992
1.047676250589063
1.8854724824906541
1.4938394559726562
1.4149392645873915
1.2037373410999885
1.8348743561382164
1.7605455365727825
1.7182380291131163
1.5141876933704013
1.0215998869268956
1.4430473054163353
1.5866968374994777
1.3246440454470911
1.2867745054585564
1.2258142130796763
1.1147987605887988
2.4330460427587886
1.2207538213919418
0.4952002630488541
1.6190623790365168
0.7964810108647664
1.2218857095684168
1.5215327808543828
1.2593051972224445
1.6661389785141498
0.8550989474842621
2.14886100128016
0.2656369660771769
1.361778058286705
1.177334444238682
1.249563912049673
1.3290946028210782
1.6527366523754856
0.9056088329606538
1.704824131110559
0.9942156169079113
1.3920182936205416
1.4899075954111953
1.0996027411494977
1.6457578085413256
1.2419437303821337
0.8592812906020635
1.6823054266262012
0.9845896114530377
-0.07841152039410693
0.27367163166292063
2.0706257787500846
1.9041995876906896
1.452213496637143
1.3853504291595653
1.5449488806106701
1.4392412275325728
1.7431041733982686
1.0902844903978632
1.4839416359593534
0.7507765192741616
0.6204004976996699
1.6339437316629284
1.6955941980754385
1.9737057339874884
1.7846052726330952
0.16268557370489212
1.2768329536793503
1.5425643856601503
1.9269149298400374
1.2029781420068717
1.4121052068801339
0.3487914028592608
1.0413205944682213
0.9481291098318769
1.9307146104396957
0.7844527921681888
1.5927333009010516
1.1369334683128094
1.0600322322175881
1.6966953576126935
1.4530009034496776
1.5170661215045667
2.05776245872492
1.017880774061966
1.0866203000149979
1.3701145662819
1.2755771326377103
1.6848827436926792
0.8132266209157387
1.2625127543616799
0.5690985038968677
1.7406383590187167
1.250423228544157
1.0572774637974318
1.1650318862982019
0.6016600627591311
0.4587094466018592
0.47382566430763173
1.862211840187858
1.3328207002256596
1.0654540587743442
0.8735026123725622
0.7523428592228849
0.5859299246302884
1.5079762250500268
0.9080474969423606
1.6981068677900089
1.1204810745296707
0.862387889923953
1.1171184950642614
0.6323156754068837
1.4049590679250286
0.6309964300016102
1.0447770101920502
1.2136578506707396
1.6660613855963349
1.4220665538439525
1.2692818625324997
0.4283761006759208
1.7031846523074483
0.7767937911869495
1.5485646145885728
0.16684162374430878
0.5749871963494125
1.404799265153295
0.7449833518714597
1.3415065814315636
1.8098858987591573
1.0148367583730662
1.0723547109736813
0.6134395107553429
0.6192033302717356
1.0147016535025433
1.032870743941798
1.4918863632100783
0.47890892833382215
1.594808222393699
1.6548043049830325
0.40621503544254467
1.8180340875937409
1.2415808325949245
0.841021838342808
1.088008840001764
0.9822776582659515
1.22477412818859
0.8496098586725166
1.1585993861625576
1.452101599789866
0.8753169279024031
0.847798564853717
0.794782507103481
1.1698735207930921
1.5738113292976126
1.1843445536068673
0.7230344063524167
0.3854050989235509
1.2461594507209675
0.3839741678672652
0.6947514599085434
0.9221693713286216
1.0955357806808805
0.8169521100957817
1.9053488098403755
0.8971564438199902
0.870218336747755
0.6637026365736307
0.7040367809452086
1.8113743054384268
1.3750614185250034
0.5187513771796346
1.5671337372142728
0.8757992679127073
0.5942966941418424
0.1316036916671351
1.4258687018971785
0.8407765302572945
1.1776675825769132
0.7125376092603009
0.4730737870229182
1.1573705681200015
0.032500621259487716
1.1875679409074005
1.532162598759952
0.7070955391120601
-0.18720070824025364
0.8394667414056751
0.9179360122588904
1.0020012252116874
0.8751102381310835
-0.22752639227537208
0.22966104682024374
1.3749976907328478
0.7433546483357723
0.7450997856733383
0.7638317213472774
1.3106414746612702
0.3148895558615829
0.15562417946682988
1.2701075896109133
1.1732316599609844
1.3772125882330157
1.3513593872464147
0.5837052992406406
1.471320211679177
0.32561338713453897
0.9906318661613518
0.9958816236856249
-0.37338687944370735
0.660842906935698
0.5275180266470367
1.5291928233522816
0.8252115526789232
1.2770359209162185
-0.2551355582431808
0.928012829461646
0.8386083289983961
0.8204043790934226
1.894165061857902
2.015151549766516
0.9863724775691696
0.8169891112749907
0.916947703476179
0.9691964236817738
0.9673150090338608
-0.41740342951727033
0.3886431941112309
1.0320506478989389
0.749905912386166
0.5003750174267292
1.1193109647261084
1.3322827591037811
1.314780118613437
0.5147061229758325
1.0506722445257324
0.41514689029640345
0.1780522014731794
0.9042965893759964
0.009691900358746286
1.3790082703630913
-0.12303679707545323
0.46341857470192765
0.3265392003826188
0.9182910825399438
0.24153179961580684
0.7630728240882996
0.44703385777316607
1.161501489307526
0.3266267130675465
0.34607828731134727
1.5392864285836967
0.025413519162573395
0.5732394078308036
1.4646085350894942
0.3186368717822642
0.7949871068883595
1.5682969327866683
0.461851539069109
0.9929934512022962
2.2050203335785996
0.9279550331433605
1.39135290621487
0.5159220694620295
0.3175161059116776
1.1253490643066315
0.590877404015275
1.1250156363370822
0.5567190021008097
1.3384550722962192
0.4940861412434118
0.94265238463036
1.4239245614641054
0.8265204184045443
1.1858034087733116
1.4112447530844274
0.7917514970426598
1.44424229424297
-0.23226977144814862
-0.1871086025414364
1.0823894788922341
0.8655518105721961
1.6359988206873237
0.4625714697086508
0.3295311379423894
1.4385551867032664
0.5123024923731765
0.49751052850801825
1.193834506580601
0.5723523586764309
0.8218670448325914
0.5066688632389227
1.4367039915133821
0.207883532035203
1.0476648345280901
0.7203371781387917
1.2309523758852956
1.4834948749426289
0.8292437390553575
0.940447546486024
1.0739349577839543
0.9156974047700259
1.4838627158452278
0.33096086390081325
1.2591692621758228
1.2635515719910184
0.6718603214317105
0.13669984341993413
0.1384995851337045
0.3289549505066483
0.4261121551054436
0.7990764935910754
-0.35713250808135233
0.6648892298689482
0.5297396775615661
1.32601253794898
1.134648139654187
1.8214588462731158
0.770874834627533
0.38364746106783
1.2794049262918123
1.1975689044928015
0.3797607726753282
0.38461227288712696
1.1651438557799993
0.9632123003524907
0.6038676046733553
1.222117033871378
1.143230122190287
1.0101495699813015
1.0205330166258413
0.5406986683769222
0.8305893323640277
1.6574593043384667
0.4572853066260931
-0.28964932392456727
-0.40693264263335727
-0.006721076807775783
0.8190303955089476
1.095884911219502
1.2115943374451987
0.2528711620240489
-0.5494529361503028
0.69453463296044
0.23838369757146752
0.7347270246290311
1.1340358718650183
1.6909904839230099
0.24974745474388035
1.0154270513922414
0.9102312567214934
0.5915908815707904
0.09603684787854555
0.9299752384891771
0.8147189073376326
0.38687455053395303
0.03686576227900604
1.1239625856551716
0.24255140569875172
1.3203153225603188
0.8313481961692768
0.6234708961290456
0.4029113467661698
0.6247019515364335
-0.10029062119213425
0.4274781627483709
0.6212437475037618
0.21138354554295083
1.0712962830869326
0.6800989861909083
-0.5945637968380584
0.6788736459329976
0.5369373435497089
0.7094756903214318
0.50594393697716
0.1369145951824991
0.6152612162153177
1.323115777168305
0.20782383867237056
0.8170738350807077
1.3710666645571377
0.05137312671759339
1.2023610468994266
0.5103965020046294
0.5108362393057533
0.7426343386762293
0.9673515148437842
0.3217551541083998
-0.13924558317239916
0.2688123148764438
-0.30531957007874316
0.8598859188129768
0.4133298776091519
0.6048769767550368
0.26653699694999783
0.14263773712704794
1.0546498684918024
0.8245350382177002
0.22166428559074108
1.2277867719789164
-0.053650813519467405
0.12777532452803944
1.0199387466454855
1.2562802494378567
-0.6451930531664131
1.420594576337056
1.0902601885114387
0.21220611023996944
-0.2917003548233169
0.6932943662314871
0.015133329107988897
0.5329100117757631
-0.23315629320656758
0.10817918852453073
1.252786353032861
0.33980570862447673
0.6310703348437636
1.3278444017325879
0.7945773792122325
0.6239725155511203
0.6012895701477732
-0.2789531193973591
0.6361161692411582
2.0202283220144044
0.3172366474335503
0.43131244536962926
0.9327018026953943
1.0871270147479721
0.895920802190205
1.5828054463514423
1.371631551431459
0.5844834347216916
-0.04509649017937645
0.19926220787567003
0.0004147945703335265
0.1256356913333771
0.9334429785562486
0.6347442209578276
1.353068349429036
0.6943970715029156
0.18899690332234165
1.1521668602940132
0.5316562087483593
0.5721372683140492
0.5756017543682765
0.99276861540638
0.8045189201666665
0.5492346548336032
1.212599187895954
-0.133011712621248
0.7955736503233399
-0.21815488110549772
0.6920561927689004
1.2361681038116712
-0.204308240935403
1.6924890976020892
0.1906808525580354
1.1238037381358745
1.1979260362346476
0.8766510726709589
-0.5622261781775792
1.2816346850105265
0.02095214308119095
0.46268508668256825
1.0117660960630972
0.1962159069789591
0.466749533557719
0.5712265212570223
0.5678629627428511
0.9348471864439736
0.41742480962637474
0.3856171686421572
0.4752612388882986
1.0335297850838052
1.1503777785105744
0.7489952995927913
0.5892862407363685
0.5281769327816807
0.8733690290736779
0.3365328308173203
1.1562194195108184
0.9966376652355237
1.1106456162398943
0.32354698723546715
0.5845017802319515
-0.1885795589265645
1.6174000032909213
1.0539997626718123
0.5853536451865364
0.28207014104270073
1.1514699928258945
-0.1660326827870634
0.7976474917679863
0.49864703711415015
1.520180081307977
0.5175227972887133
0.024067592299797408
0.9634725484034512
1.550738616239458
0.5558716923033051
1.179331944342032
-0.24106949329043165
0.6846365891304249
1.5584820476286008
0.40557119926982416
0.3730860781892436
0.28844379295760275
0.9955558775203217
0.7680725251207284
0.9821164703722814
0.7051991427134917
0.12022282925596153
1.0440329246453042
0.6330878687024745
0.6355210927248989
0.9158357974349266
0.7709051586123989
0.34828393579449474
0.8029599143652615
0.493302135170789
-0.06392441013157986
0.3511841192959757
0.8922373508730458
1.388141419236677
0.7708382135425351
0.48908584720953774
1.1867881855205715
-0.30493336121812653
0.9288975843986831
0.888681811770764
0.6289860414746649
0.8847285554444326
0.7942686950325046
0.22977743988436813
0.5743784770620844
0.6486623374539122
1.0904085805051191
0.38935366687782785
-0.176120925613584
-0.2709317048465166
0.7687647170725008
1.3861298912967879
-0.1477321747193362
0.824063196629674
0.5304956289909949
0.7214036483756859
1.511850754283984
0.7039801756676778
0.4660942005753637
0.6440121641089176
1.4547146089089518
0.37010370983707497
1.396163660989409
1.8910775963410078
0.9637899442155932
1.1336188999752033
0.7862074272654854
0.41419947645236105
0.38444110367188233
0.10730325379541598
1.274983466967851
0.9590961368745281
0.09237108764417165
1.159171444961667
0.9382643462233327
0.01997452177591294
-0.8912977447703572
0.535132712296396
0.6706899039289392
0.3209916827344297
0.6361831666189006
0.8752793407211803
0.4695306271674532
0.5562680870104993
0.5753103256908474
0.2014994855723353
0.2752308910408542
0.16046737847209308
0.33018215047544347
0.18576453975471113
1.0076399952309423
0.6827217401943436
0.4119275036052673
-0.3680034508408275
0.946451782381378
0.7666862775788212
-0.3398851837313762
0.5913416802258075
0.3900103641351247
-0.0013621502389380563
0.3477803280377875
1.1342077465995846
0.5587085894953738
1.1179790214024903
0.8770186256183203
0.44984036049620146
1.2172466646750355
0.8209641492088974
0.3777854254690836
1.526264067713955
1.0310399560621273
0.7919269741612692
0.7365698194984391
0.7494655380047368
0.22886573102982938
0.14401453621465762
0.7387470689275237
-0.21806914346720196
0.21202377072596146
-0.0795038275177486
0.3800878029697894
0.8913359467728915
0.22143242562950372
0.527644241012214
0.3964344782897548
0.430666342405381
0.49905017512932137
0.6767356821206725
0.26206901583023345
1.0490888930633806
0.841300263845705
0.7424708756727509
0.5387472965333304
0.472401182546266
-0.39828178112614565
0.5947365173533584
0.051249244327394236
0.901191769856543
1.0441772595082406
0.7134194022061768
1.1485637084069196
-0.25367527768367065
0.15518724150313173
0.4042267701409852
1.1121100890977247
0.3367335086786406
0.41760818173292463
1.3215090234938502
0.6216854071397157
-0.36249489194951995
0.3934267093704854
0.23294977875597053
0.035471726560880996
1.0066591364028752
1.8634739824525075
0.6758560938286045
0.8143250345828478
0.9069252030068898
1.1676234274117112
-0.20973388695415168
0.43068471195362523
-0.045139032197815086
1.0453605201611196
-0.03702084827170447
0.8956581020467286
0.8005677537060134
1.5954059537824632
1.4516289869105599
1.3181166984672015
0.24211590274026812
1.3915148348879673
0.29024203273158633
1.4774478251856489
0.9645037209248348
1.1245366422791205
0.4845235815453687
0.011724766022801258
0.9410599854135888
0.722681632100469
1.6913698057818014
-0.003447271993036738
0.80769796039701
0.8065484162119919
0.9302597226248444
0.6677202275647263
0.7788455297439473
1.8259982585848866
0.09708448769436377
0.6938004893284686
0.49780294865337993
0.7636879723096351
0.6832712124896682
1.0075568486273694
0.4112752756161866
0.1010055024696864
0.6315756643127454
0.2037016037622463
0.1346091666692821
0.21215328217703464
0.4863972999901296
0.4130239753474874
0.23093730791345776
0.27248855433073954
1.3821749043273666
-0.5379273149184624
0.41159687313243926
0.09786839952524876
0.1504148584933213
0.46900556310793967
1.0180098860147506
-0.0948727558328979
1.2992184083953502
0.49431169989997364
0.8791649470565897
0.4052084259005415
0.8112922433567239
-0.08222735150889358
0.46703516844137716
0.22351887207295926
0.8766183506881912
-0.24082218821590812
0.872293912180602
1.04750370171615
0.3470418449275484
0.30664842583347635
0.19178025333865106
0.8934158404564269
0.23022160285536994
0.9994385571634398
0.5610625541324036
0.9190375004877934
0.4347571433664294
0.7999709234791978
0.8650848814136952
1.4241485121822115
0.8753755931000988
0.643586591393769
0.3751273149497941
1.0875355255365795
-0.10473194621510949
0.12306856768308747
0.8985637444197911
0.5602861433741834
0.18510072910848652
0.23383083336984367
0.26071733582047646
0.50037863040523
0.6971647258951504
1.4051903834717165
0.9699962485030409
0.8280505544952332
0.05174990646459683
1.1072793838268131
0.4016884123009477
0.1293126366858614
0.7947231056586779
1.0136270333457615
0.794178444100621
0.23233291507686793
0.6093381708103457
-0.3763155376637841
1.2842329242615687
0.9727354221483101
0.12886062900757117
0.4002596412105436
0.3375045668661931
0.2262624140241679
1.2848319322612087
0.2543225899036715
0.581794604440218
0.5292901695797285
0.32436584925611095
0.16328745326549235
0.3911451379574719
0.4106437201772825
0.5605323218511636
0.1413499308043943
0.5056782359826258
0.44311362178800134
0.16862052754203996
0.20887775368474154
0.03104766842199913
0.038927181305265145
0.6612466060060495
1.014862450741578
0.81520390877159
1.3771169310233193
-0.5102625509014405
1.2041922948548884
1.412406802794085
0.4795815611775058
1.3759047233232553
0.3766743374278994
1.0121520202757626
1.751154898875461
0.49123511501848155
0.5377208611417671
1.170785901927495
0.5965557961278529
0.7063301640533067
0.14875048513501604
0.12021937914897858
-0.2417513669516116
0.5949422071950187
-0.05231352522634369
1.4590855169391355
1.019581312749194
1.9486431218376477
0.5098592568446005
0.03680575404069635
0.8228676320046101
0.5059493787766146
0.8353106226227647
1.023027691150266
0.3142306349526802
0.05242140429146574
1.0454790408448678
0.3353279680467864
0.5396388800385095
0.738170131947186
0.38254030003756556
0.12791520636896908
0.34102367876559
0.0031944125015827066
0.32648027873526503
0.7831355966583173
0.8356268437439621
0.8588091400372277
1.182049584885537
0.24941792125208787
0.6058567615429312
0.33124864892817896
-1.4093862795225265
-0.15838698414761943
-0.34286222993942184
0.49428240013890135
0.17483299798249954
-0.2007254858231631
0.9248844431087407
0.13504174803948418
-0.327584827252807
0.3049451984602313
0.4984965675494853
0.21672963722978886
0.5383161490839988
0.20015636027977735
0.41813060303176863
0.32754231897755526
0.6435900152602376
0.13422352610402694
0.5597045264665873
-0.023393989002156952
0.9912109599790901
0.10010817954558471
0.8740645882538054
0.8242656972311682
0.8088737738348382
0.7736320661216046
0.8523921009765716
0.06878816277547925
-0.299067435523875
0.12797415329333528
0.35578611514148484
-0.6695806232305654
0.2535941483295418
1.0250237419627808
0.5358577375700552
0.19795179943526198
1.0192197729818007
0.717945642515555