0.0
0.0
0.0
0.0
0.0
0.0
0.0
0.0
0.0
0.0
0.0
0.0
0.0
0.0
0.0
0.0
0.0
0.0
0.0
0.0
1.5e-05
4.6e-05
0.000107
0.000198
0.000336
0.000549
0.000885
0.001343
0.001984
0.002853
0.003967
0.005402
0.007202
0.009415
0.01207
0.015244
0.018967
0.02327
0.028183
0.033768
0.040024
0.046967
0.054611
0.062973
0.072052
0.081833
0.092316
0.10347
0.115295
0.127762
0.140839
0.15451
0.168716
0.183441
0.198654
0.214294
0.230347
0.246765
0.263489
0.280502
0.29776
0.315216
0.332855
0.350601
0.368439
0.386353
0.404266
0.42218
0.440048
0.45784
0.47554
0.493118
0.510544
0.527802
0.544846
0.561691
0.578293
0.59465
0.610748
0.626556
0.642059
0.657272
0.672165
0.686737
0.700974
0.714874
0.728424
0.741623
0.754471
0.766968
0.779099
0.790863
0.802261
0.813309
0.82399
0.834305
0.844269
0.853867
0.863113
0.872009
0.880554
0.888763
0.896622
0.904144
0.911331
0.918198
0.924744
0.930954
0.936874
0.942474
0.947784
0.952789
0.957504
0.961929
0.966095
0.969971
0.973587
0.976944
0.980042
0.982895
0.985504
0.987885
0.990021
0.991943
0.993637
0.995117
0.996399
0.997467
0.998352
0.999039
0.999527
0.999847
0.999985
0.999969
0.999771
0.99942
0.998901
0.998245
0.997437
0.99649
0.995407
0.994186
0.992844
0.991379
0.989792
0.988083
0.986267
0.984344
0.982315
0.980179
0.977966
0.975647
0.973236
0.970734
0.968155
0.9655
0.962769
0.959946
0.957077
0.954117
0.951111
0.948029
0.944901
0.941696
0.938461
0.93515
0.931808
0.928406
0.924957
0.921478
0.917953
0.914383
0.910782
0.907135
0.903473
0.899765
0.896027
0.892273
0.888489
0.884674
0.880844
0.876984
0.873108
0.869217
0.865311
0.861374
0.857437
0.853485
0.849518
0.845535
0.841553
0.837555
0.833557
0.829544
0.825531
0.821518
0.81749
0.813477
0.809448
0.80542
0.801392
0.797363
0.793335
0.789322
0.785294
0.781281
0.777267
0.77327
0.769257
0.765274
0.761276
0.757294
0.753326
0.749359
0.745407
0.741455
0.737518
0.733597
0.729691
0.725784
0.721893
0.718002
0.714142
0.710281
0.706436
0.702606
0.698792
0.694977
0.691193
0.687424
0.683655
0.679916
0.676178
0.672455
0.668762
0.66507
0.661407
0.657745
0.654114
0.650497
0.646881
0.643295
0.639725
0.636169
0.632629
0.629105
0.625595
0.622116
0.618637
0.615189
0.611755
0.608337
0.604935
0.601547
0.598175
0.594833
0.591492
0.588181
0.584885
0.581604
0.578354
0.575104
0.571884
0.56868
0.565491
0.562317
0.559158
0.55603
0.552902
0.549805
0.546722
0.543655
0.540604
0.537582
0.534561
0.53157
0.528595
0.525635
0.52269
0.51976
0.516846
0.513962
0.511093
0.508224
0.505386
0.502563
0.499756
0.496979
0.494202
0.49144
0.488708
0.485992
0.483276
0.480591
0.477921
0.475266
0.472626
0.470001
0.467392
0.464813
0.462234
0.459671
0.457138
0.454605
0.452103
0.4496
0.447128
0.444656
0.442215
0.439774
0.437363
0.434952
0.432571
0.430191
0.427841
0.425491
0.423172
0.420853
0.418564
0.416275
0.414001
0.411743
0.4095
0.407288
0.405075
0.402878
0.400681
0.398514
0.396362
0.394211
0.39209
0.389969
0.387878
0.385788
0.383713
0.381653
0.379593
0.377563
0.375534
0.373535
0.371536
0.369553
0.367569
0.365616
0.363663
0.36174
0.359818
0.35791
0.356003
0.354126
0.352249
0.350388
0.348541
0.346695
0.344879
0.343063
0.341263
0.339462
0.337692
0.335922
0.334167
0.332413
0.330688
0.328964
0.32724
0.325546
0.323853
0.322174
0.320511
0.318848
0.3172
0.315567
0.313934
0.312317
0.310715
0.309113
0.307526
0.305954
0.304382
0.302826
0.30127
0.299744
0.298218
0.296692
0.295181
0.293686
0.292191
0.29071
0.289246
0.287781
0.286331
0.284897
0.283463
0.282028
0.280609
0.279205
0.277802
0.276413
0.27504
0.273666
0.272293
0.27095
0.269592
0.268265
0.266922
0.26561
0.264297
0.262985
0.261688
0.260391
0.259109
0.257843
0.256577
0.255325
0.254074
0.252823
0.251587
0.250366
0.249146
0.247925
0.246719
0.245529
0.244339
0.243149
0.241974
0.240814
0.239655
0.238495
0.23735
0.236206
0.235077
0.233948
0.232819
0.231705
0.230606
0.229507
0.228409
0.227325
0.226242
0.225174
0.224106
0.223053
0.221985
0.220947
0.21991
0.218872
0.217834
0.216812
0.215805
0.214783
0.213791
0.212784
0.211792
0.2108
0.209824
0.208847
0.207886
0.206909
0.205963
0.205002
0.204056
0.203125
0.202179
0.201248
0.200333
0.199402
0.198502
0.197586
0.196686
0.195786
0.194901
0.194
0.19313
0.192245
0.191376
0.190506
0.189651
0.188782
0.187943
0.187088
0.186249
0.18541
0.184586
0.183746
0.182922
0.182114
0.18129
0.180481
0.179688
0.178879
0.178085
0.177292
0.176514
0.175735
0.174957
0.174179
0.173416
0.172653
0.17189
0.171143
0.17038
0.169632
0.1689
0.168152
0.167419
0.166687
0.16597
0.165237
0.16452
0.163818
0.163101
0.162399
0.161697
0.160995
0.160309
0.159607
0.15892
0.158249
0.157562
0.156891
0.156219
0.155548
0.154892
0.154236
0.15358
0.152924
0.152267
0.151627
0.150986
0.150345
0.149704
0.149078
0.148453
0.147827
0.147202
0.146591
0.145966
0.145355
0.144745
0.14415
0.143539
0.142944
0.142349
0.141754
0.141174
0.140579
0.139999
0.13942
0.13884
0.138275
0.137711
0.137131
0.136566
0.136017
0.135452
0.134903
0.134354
0.133804
0.133255
0.132706
0.132172
0.131638
0.131104
0.130569
0.130035
0.129517
0.128983
0.128464
0.127945
0.127441
0.126923
0.126419
0.1259
0.125397
0.124893
0.124405
0.123901
0.123413
0.12291
0.122421
0.121948
0.12146
0.120972
0.120499
0.120026
0.119553
0.11908
0.118607
0.118134
0.117676
0.117218
0.11676
0.116302
0.115845
0.115387
0.114944
0.114487
0.114044
0.113602
0.113159
0.112717
0.112289
0.111847
0.11142
0.110992
0.110565
0.110138
0.109711
0.109283
0.108871
0.108444
0.108032
0.10762
0.107208
0.106796
0.1064
0.105988
0.105591
0.105179
0.104782
0.104385
0.103989
0.103607
0.10321
0.102814
0.102432
0.102051
0.101669
0.101288
0.100906
0.100525
0.100143
0.099777
0.099396
0.09903
0.098663
0.098297
0.097931
0.097565
0.097214
0.096848
0.096481
0.09613
0.095779
0.095428
0.095078
0.094727
0.094376
0.094025
0.093689
0.093338
0.093002
0.092667
0.092316
0.09198
0.09166
0.091324
0.090988
0.090652
0.090332
0.089996
0.089676
0.089355
0.089035
0.088715
0.088394
0.088074
0.087753
0.087448
0.087128
0.086823
0.086502
0.086197
0.085892
0.085587
0.085281
0.084976
0.084671
0.084381
0.084076
0.083771
0.083481
0.083191
0.082901
0.082596
0.082306
0.082016
0.081726
0.081451
0.081161
0.080872
0.080597
0.080307
0.080032
0.079758
0.079483
0.079193
0.078918
0.078659
0.078384
0.07811
0.077835
0.077576
0.077301
0.077042
0.076767
0.076508
0.076248
0.075974
0.075714
0.075455
0.075195
0.074951
0.074692
0.074432
0.074188
0.073929
0.073685
0.073425
0.073181
0.072937
0.072678
0.072433
0.072189
0.071945
0.071701
0.071472
0.071228
0.070984
0.070755
0.070511
0.070282
0.070038
0.069809
0.06958
0.069336
0.069107
0.068878
0.068649
0.06842
0.068192
0.067978
0.067749
0.06752
0.067291
0.067078
0.066849
0.066635
0.066422
0.066193
0.065979
0.065765
0.065552
0.065338
0.065125
0.064911
0.064697
0.064484
0.06427
0.064072
0.063858
0.063644
0.063446
0.063232
0.063034
0.062836
0.062622
0.062424
0.062225
0.062027
0.061829
0.06163
0.061432
0.061234
0.061035
0.060837
0.060654
0.060455
0.060257
0.060074
0.059875
0.059692
0.059494
0.059311
0.059128
0.058929
0.058746
0.058563
0.05838
0.058197
0.058014
0.057831
0.057648
0.057465
0.057281
0.057098
0.056931
0.056747
0.056564
0.056396
0.056213
0.056046
0.055862
0.055695
0.055527
0.055344
0.055176
0.055008
0.05484
0.054672
0.054504
0.054337
0.054169
0.054001
0.053833
0.053665
0.053497
0.053329
0.053177
0.053009
0.052841
0.052689
0.052521
0.052368
0.0522
0.052048
0.051895
0.051727
0.051575
0.051422
0.051254
0.051102
0.050949
0.050797
0.050644
0.050491
0.050339
0.050186
0.050034
0.049881
0.049744
0.049591
0.049438
0.049286
0.049149
0.048996
0.048859
0.048706
0.048569
0.048416
0.048279
0.048126
0.047989
0.047852
0.047699
0.047562
0.047424
0.047287
0.04715
0.046997
0.04686
0.046722
0.046585
0.046448
0.046326
0.046188
0.046051
0.045914
0.045776
0.045639
0.045517
0.04538
0.045242
0.04512
0.044983
0.044861
0.044724
0.044601
0.044464
0.044342
0.044205
0.044083
0.043961
0.043823
0.043701
0.043579
0.043457
0.04332
0.043198
0.043076
0.042953
0.042831
0.042709
0.042587
0.042465
0.042343
0.042221
0.042099
0.041992
0.04187
0.041748
0.041626
0.041519
0.041397
0.041275
0.041168
0.041046
0.040924
0.040817
0.040695
0.040588
0.040466
0.040359
0.040253
0.040131
0.040024
0.039902
0.039795
0.039688
0.039581
0.039459
0.039352
0.039246
0.039139
0.039032
0.038925
0.038818
0.038712
0.038605
0.038498
0.038391
0.038284
0.038177
0.038071
0.037964
0.037857
0.03775
0.037659
0.037552
0.037445
0.037338
0.037247
0.03714
0.037033
0.036942
0.036835
0.036743
0.036636
0.036545
0.036438
0.036346
0.03624
0.036148
0.036041
0.03595
0.035858
0.035751
0.03566
0.035568
0.035461
0.03537
0.035278
0.035187
0.035095
0.034988
0.034897
0.034805
0.034714
0.034622
0.034531
0.034439
0.034348
0.034256
0.034164
0.034073
0.033981
0.03389
0.033798
0.033707
0.03363
0.033539
0.033447
0.033356
0.033279
0.033188
0.033096
0.033005
0.032928
0.032837
0.032745
0.032669
0.032578
0.032501
0.03241
0.032318
0.032242
0.03215
0.032074
0.031982
0.031906